FP,C:\SbParts\XYandZzero_Zzero_bellow_material.sbp 	'load the file that automatically sets X, Y and Z Zero
JZ,(12.60 + 6.000000)									'move to Z axis to material top of material + Z home postion
VA,,,6.000000,,,,,0										'tell controller that the current postion is ZH home position (thereby making top of material our new Z Zero)
&Materialthickness = 12.60						'make a variable for material thickness based on the user input at the start of a v-carve files
MSGBOX (Is your material thickness &Materialthickness mm?, YesNo, SAFETY CHECK)	'create a pop-up dialog asking for confirmation of material thickness
IF &msganswer = NO THEN GOSUB Canceljob				'if material thickness is wrong, go to the cancel job sub routine with a pop up message of shame
'SHOPBOT FILE IN MM
IF %(25)=0 THEN GOTO UNIT_ERROR	'check to see software is set to standard
C#,90				 	'Lookup offset values
'
TR,18000,1
'Turning router ON
SO,1,1
PAUSE 2
'
'Toolpath Name = 06_Final_Cut
'Tool Name   = 3mm - Single flute - Plastic - ShopBot
MS,16.93,11.95
JZ,6.000000
J3,82.805038,263.356293,6.000000
M3,82.805038,263.356293,0.000000
M3,83.152557,263.352631,-0.113913
M3,83.500748,263.341614,-0.227826
M3,83.849365,263.323212,-0.341739
M3,84.198196,263.297363,-0.455652
M3,84.546982,263.264099,-0.569565
M3,84.895500,263.223328,-0.683478
M3,85.243507,263.175110,-0.797391
M3,85.590767,263.119446,-0.911304
M3,85.937027,263.056305,-1.025216
M3,86.282066,262.985779,-1.139129
M3,86.625633,262.907867,-1.253042
M3,86.967506,262.822632,-1.366955
M3,87.307434,262.730133,-1.480868
M3,87.645195,262.630402,-1.594781
M3,87.980560,262.523590,-1.708694
M3,88.313309,262.409729,-1.822607
M3,88.643219,262.288910,-1.936520
M3,88.970078,262.161285,-2.050433
M3,89.293663,262.026917,-2.164346
M3,89.613792,261.885956,-2.278259
M3,89.930244,261.738556,-2.392172
M3,90.242851,261.584808,-2.506085
M3,90.551407,261.424896,-2.619998
CG, ,96.484283,256.082794,-7.746368,-14.568604,T,1
CG, ,99.214684,248.580688,-13.679245,-9.226501,T,1
CG, ,99.305038,246.856293,-16.409645,-1.724396,T,1
CG, ,98.146545,240.782730,-16.500000,0.000000,T,1
CG, ,93.499336,234.291183,-15.341507,6.073563,T,1
CG, ,82.805038,230.356293,-10.694298,12.565109,T,1
CG, ,66.305038,246.856293,0.000000,16.500000,T,1
CG, ,82.805038,263.356293,16.500000,0.000000,T,1
CG, ,90.551407,261.424896,0.000000,-16.500000,T,1
M3,90.856529,261.258514,-2.733913
M3,91.158791,261.085297,-2.847826
M3,91.457962,260.905396,-2.961739
M3,91.753830,260.718811,-3.075652
M3,92.046165,260.525665,-3.189565
M3,92.334755,260.326050,-3.303478
M3,92.619385,260.120087,-3.417391
M3,92.899857,259.907898,-3.531304
M3,93.175957,259.689606,-3.645217
M3,93.447487,259.465363,-3.759130
M3,93.714264,259.235260,-3.873043
M3,93.976097,258.999512,-3.986956
M3,94.232811,258.758240,-4.100869
M3,94.484222,258.511627,-4.214782
M3,94.730179,258.259857,-4.328695
M3,94.970520,258.003082,-4.442608
M3,95.205093,257.741547,-4.556521
M3,95.433769,257.475403,-4.670434
M3,95.656403,257.204834,-4.784348
M3,95.872879,256.930084,-4.898261
M3,96.083084,256.651367,-5.012174
M3,96.286919,256.368866,-5.126087
M3,96.484283,256.082794,-5.240000
CG, ,99.214684,248.580688,-13.679245,-9.226501,T,1
CG, ,99.305038,246.856293,-16.409645,-1.724396,T,1
CG, ,98.146545,240.782730,-16.500000,0.000000,T,1
CG, ,93.499336,234.291183,-15.341507,6.073563,T,1
CG, ,82.805038,230.356293,-10.694298,12.565109,T,1
CG, ,66.305038,246.856293,0.000000,16.500000,T,1
CG, ,82.805038,263.356293,16.500000,0.000000,T,1
CG, ,90.551407,261.424896,0.000000,-16.500000,T,1
CG, ,96.484283,256.082794,-7.746368,-14.568604,T,1
M3,96.675575,255.792633,-5.353913
M3,96.861145,255.497818,-5.467826
M3,97.040825,255.198502,-5.581739
M3,97.214462,254.894852,-5.695652
M3,97.381905,254.587082,-5.809565
M3,97.542999,254.275360,-5.923478
M3,97.697624,253.959885,-6.037391
M3,97.845642,253.640854,-6.151304
M3,97.986938,253.318481,-6.265217
M3,98.121399,252.992996,-6.379130
M3,98.248924,252.664597,-6.493043
M3,98.369423,252.333511,-6.606956
M3,98.482819,251.999954,-6.720869
M3,98.589020,251.664185,-6.834782
M3,98.687988,251.326416,-6.948695
M3,98.779648,250.986877,-7.062608
M3,98.863976,250.645813,-7.176521
M3,98.940933,250.303467,-7.290434
M3,99.010490,249.960052,-7.404347
M3,99.072639,249.615845,-7.518260
M3,99.127380,249.271057,-7.632174
M3,99.174721,248.925919,-7.746087
M3,99.214684,248.580688,-7.860000
CG, ,99.305038,246.856293,-16.409645,-1.724396,T,1
CG, ,98.146545,240.782730,-16.500000,0.000000,T,1
CG, ,93.499336,234.291183,-15.341507,6.073563,T,1
CG, ,82.805038,230.356293,-10.694298,12.565109,T,1
CG, ,66.305038,246.856293,0.000000,16.500000,T,1
CG, ,82.805038,263.356293,16.500000,0.000000,T,1
CG, ,90.551407,261.424896,0.000000,-16.500000,T,1
CG, ,96.484283,256.082794,-7.746368,-14.568604,T,1
CG, ,99.214684,248.580688,-13.679245,-9.226501,T,1
M3,99.247185,248.236801,-7.972263
M3,99.272484,247.892181,-8.084525
M3,99.290573,247.547073,-8.196788
M3,99.301422,247.201706,-8.309051
M3,99.305038,246.856293,-8.421313
M3,99.301453,246.512497,-8.533588
M3,99.290688,246.168228,-8.645863
M3,99.272697,245.823746,-8.758138
M3,99.247475,245.479263,-8.870412
M3,99.215004,245.134995,-8.982687
M3,99.175293,244.791183,-9.094961
M3,99.128342,244.448059,-9.207236
M3,99.074181,244.105850,-9.319510
M3,99.012825,243.764771,-9.431786
M3,98.944321,243.425049,-9.544060
M3,98.868713,243.086929,-9.656335
M3,98.786064,242.750610,-9.768609
M3,98.696434,242.416321,-9.880884
M3,98.599899,242.084274,-9.993158
M3,98.496552,241.754684,-10.105433
M3,98.386467,241.427765,-10.217708
M3,98.269768,241.103714,-10.329983
M3,98.146545,240.782730,-10.442257
M3,98.103409,240.674881,-10.480000
CG, ,93.499336,234.291183,-15.341507,6.073563,T,1
CG, ,82.805038,230.356293,-10.694298,12.565109,T,1
CG, ,66.305038,246.856293,0.000000,16.500000,T,1
CG, ,82.805038,263.356293,16.500000,0.000000,T,1
CG, ,90.551407,261.424896,0.000000,-16.500000,T,1
CG, ,96.484283,256.082794,-7.746368,-14.568604,T,1
CG, ,99.214684,248.580688,-13.679245,-9.226501,T,1
CG, ,99.305038,246.856293,-16.409645,-1.724396,T,1
CG, ,98.146545,240.782730,-16.500000,0.000000,T,1
M3,98.015221,240.460968,-10.593913
M3,97.876816,240.141281,-10.707826
M3,97.731369,239.823898,-10.821739
M3,97.578949,239.509079,-10.935652
M3,97.419609,239.197037,-11.049565
M3,97.253426,238.887985,-11.163478
M3,97.080490,238.582153,-11.277391
M3,96.900902,238.279785,-11.391304
M3,96.714752,237.981064,-11.505218
M3,96.522163,237.686218,-11.619130
M3,96.323257,237.395447,-11.733044
M3,96.118164,237.108963,-11.846956
M3,95.907028,236.826950,-11.960870
M3,95.689987,236.549606,-12.074782
M3,95.467209,236.277100,-12.188696
M3,95.238853,236.009628,-12.302608
M3,95.005096,235.747360,-12.416522
M3,94.766106,235.490433,-12.530435
M3,94.522064,235.239014,-12.644348
M3,94.273170,234.993256,-12.758261
M3,94.019623,234.753281,-12.872174
M3,93.761604,234.519211,-12.986087
M3,93.499336,234.291183,-13.100000
CG, ,82.805038,230.356293,-10.694298,12.565109,T,1
CG, ,66.305038,246.856293,0.000000,16.500000,T,1
CG, ,82.805038,263.356293,16.500000,0.000000,T,1
CG, ,90.551407,261.424896,0.000000,-16.500000,T,1
CG, ,96.484283,256.082794,-7.746368,-14.568604,T,1
CG, ,99.214684,248.580688,-13.679245,-9.226501,T,1
CG, ,99.305038,246.856293,-16.409645,-1.724396,T,1
CG, ,98.146545,240.782730,-16.500000,0.000000,T,1
CG, ,93.499336,234.291183,-15.341507,6.073563,T,1
J3,93.499336,234.291183,6.000000
J3,82.805038,226.616684,6.000000
M3,82.805038,226.616684,0.000000
M3,83.152557,226.613022,-0.113913
M3,83.500748,226.602020,-0.227826
M3,83.849365,226.583603,-0.341739
M3,84.198196,226.557770,-0.455652
M3,84.546989,226.524475,-0.569565
M3,84.895508,226.483734,-0.683478
M3,85.243515,226.435501,-0.797391
M3,85.590767,226.379822,-0.911304
M3,85.937035,226.316711,-1.025217
M3,86.282074,226.246170,-1.139130
M3,86.625641,226.168259,-1.253043
M3,86.967506,226.083023,-1.366956
M3,87.307434,225.990509,-1.480870
M3,87.645203,225.890808,-1.594783
M3,87.980568,225.783981,-1.708696
M3,88.313316,225.670105,-1.822609
M3,88.643227,225.549301,-1.936522
M3,88.970078,225.421661,-2.050435
M3,89.293671,225.287308,-2.164348
M3,89.613792,225.146347,-2.278261
M3,89.930252,224.998932,-2.392174
M3,90.242859,224.845200,-2.506087
M3,90.551414,224.685272,-2.620000
CG, ,96.484283,219.343185,-7.746376,-14.568588,T,1
CG, ,99.214684,211.841080,-13.679245,-9.226501,T,1
CG, ,99.305038,210.116684,-16.409645,-1.724396,T,1
CG, ,98.146545,204.043121,-16.500000,0.000000,T,1
CG, ,93.499336,197.551575,-15.341507,6.073563,T,1
CG, ,82.805038,193.616684,-10.694298,12.565109,T,1
CG, ,66.305038,210.116684,0.000000,16.500000,T,1
CG, ,82.805038,226.616684,16.500000,0.000000,T,1
CG, ,90.551414,224.685272,0.000000,-16.500000,T,1
M3,90.856537,224.518890,-2.733913
M3,91.158798,224.345703,-2.847826
M3,91.457970,224.165771,-2.961739
M3,91.753838,223.979187,-3.075652
M3,92.046173,223.786057,-3.189565
M3,92.334763,223.586441,-3.303478
M3,92.619392,223.380493,-3.417391
M3,92.899857,223.168304,-3.531304
M3,93.175957,222.949997,-3.645217
M3,93.447495,222.725739,-3.759130
M3,93.714272,222.495651,-3.873043
M3,93.976105,222.259888,-3.986956
M3,94.232811,222.018616,-4.100869
M3,94.484222,221.772018,-4.214782
M3,94.730179,221.520233,-4.328695
M3,94.970520,221.263474,-4.442608
M3,95.205101,221.001938,-4.556521
M3,95.433769,220.735779,-4.670434
M3,95.656403,220.465225,-4.784348
M3,95.872879,220.190491,-4.898261
M3,96.083084,219.911758,-5.012174
M3,96.286919,219.629257,-5.126087
M3,96.484283,219.343185,-5.240000
CG, ,99.214684,211.841080,-13.679245,-9.226501,T,1
CG, ,99.305038,210.116684,-16.409645,-1.724396,T,1
CG, ,98.146545,204.043121,-16.500000,0.000000,T,1
CG, ,93.499336,197.551575,-15.341507,6.073563,T,1
CG, ,82.805038,193.616684,-10.694298,12.565109,T,1
CG, ,66.305038,210.116684,0.000000,16.500000,T,1
CG, ,82.805038,226.616684,16.500000,0.000000,T,1
CG, ,90.551414,224.685272,0.000000,-16.500000,T,1
CG, ,96.484283,219.343185,-7.746376,-14.568588,T,1
M3,96.675575,219.053024,-5.353913
M3,96.861145,218.758209,-5.467826
M3,97.040825,218.458893,-5.581739
M3,97.214462,218.155258,-5.695652
M3,97.381905,217.847473,-5.809565
M3,97.542999,217.535751,-5.923478
M3,97.697624,217.220276,-6.037391
M3,97.845642,216.901245,-6.151304
M3,97.986938,216.578873,-6.265217
M3,98.121399,216.253387,-6.379130
M3,98.248924,215.924988,-6.493043
M3,98.369423,215.593903,-6.606956
M3,98.482819,215.260345,-6.720869
M3,98.589020,214.924576,-6.834782
M3,98.687988,214.586807,-6.948695
M3,98.779655,214.247269,-7.062608
M3,98.863976,213.906204,-7.176521
M3,98.940933,213.563858,-7.290434
M3,99.010490,213.220444,-7.404347
M3,99.072639,212.876236,-7.518260
M3,99.127380,212.531448,-7.632174
M3,99.174721,212.186310,-7.746087
M3,99.214684,211.841080,-7.860000
CG, ,99.305038,210.116684,-16.409645,-1.724396,T,1
CG, ,98.146545,204.043121,-16.500000,0.000000,T,1
CG, ,93.499336,197.551575,-15.341507,6.073563,T,1
CG, ,82.805038,193.616684,-10.694298,12.565109,T,1
CG, ,66.305038,210.116684,0.000000,16.500000,T,1
CG, ,82.805038,226.616684,16.500000,0.000000,T,1
CG, ,90.551414,224.685272,0.000000,-16.500000,T,1
CG, ,96.484283,219.343185,-7.746376,-14.568588,T,1
CG, ,99.214684,211.841080,-13.679245,-9.226501,T,1
M3,99.247185,211.497192,-7.972263
M3,99.272484,211.152573,-8.084525
M3,99.290573,210.807465,-8.196788
M3,99.301422,210.462097,-8.309051
M3,99.305038,210.116684,-8.421313
M3,99.301453,209.772888,-8.533587
M3,99.290688,209.428635,-8.645863
M3,99.272697,209.084137,-8.758137
M3,99.247475,208.739655,-8.870412
M3,99.215004,208.395386,-8.982686
M3,99.175293,208.051575,-9.094961
M3,99.128342,207.708450,-9.207235
M3,99.074181,207.366241,-9.319510
M3,99.012825,207.025162,-9.431785
M3,98.944321,206.685440,-9.544060
M3,98.868713,206.347321,-9.656334
M3,98.786064,206.011002,-9.768609
M3,98.696434,205.676712,-9.880883
M3,98.599899,205.344666,-9.993158
M3,98.496552,205.015076,-10.105433
M3,98.386467,204.688156,-10.217708
M3,98.269768,204.364105,-10.329982
M3,98.146545,204.043121,-10.442257
M3,98.103409,203.935272,-10.480000
CG, ,93.499336,197.551575,-15.341507,6.073563,T,1
CG, ,82.805038,193.616684,-10.694298,12.565109,T,1
CG, ,66.305038,210.116684,0.000000,16.500000,T,1
CG, ,82.805038,226.616684,16.500000,0.000000,T,1
CG, ,90.551414,224.685272,0.000000,-16.500000,T,1
CG, ,96.484283,219.343185,-7.746376,-14.568588,T,1
CG, ,99.214684,211.841080,-13.679245,-9.226501,T,1
CG, ,99.305038,210.116684,-16.409645,-1.724396,T,1
CG, ,98.146545,204.043121,-16.500000,0.000000,T,1
M3,98.015221,203.721359,-10.593913
M3,97.876816,203.401672,-10.707826
M3,97.731369,203.084290,-10.821739
M3,97.578949,202.769470,-10.935652
M3,97.419609,202.457428,-11.049565
M3,97.253426,202.148376,-11.163478
M3,97.080490,201.842560,-11.277391
M3,96.900902,201.540176,-11.391304
M3,96.714752,201.241455,-11.505218
M3,96.522163,200.946609,-11.619130
M3,96.323257,200.655838,-11.733044
M3,96.118164,200.369354,-11.846956
M3,95.907028,200.087341,-11.960870
M3,95.689987,199.809998,-12.074782
M3,95.467209,199.537491,-12.188696
M3,95.238853,199.270020,-12.302608
M3,95.005096,199.007751,-12.416522
M3,94.766098,198.750824,-12.530435
M3,94.522064,198.499405,-12.644348
M3,94.273170,198.253647,-12.758261
M3,94.019623,198.013672,-12.872174
M3,93.761604,197.779602,-12.986087
M3,93.499336,197.551575,-13.100000
CG, ,82.805038,193.616684,-10.694298,12.565109,T,1
CG, ,66.305038,210.116684,0.000000,16.500000,T,1
CG, ,82.805038,226.616684,16.500000,0.000000,T,1
CG, ,90.551414,224.685272,0.000000,-16.500000,T,1
CG, ,96.484283,219.343185,-7.746376,-14.568588,T,1
CG, ,99.214684,211.841080,-13.679245,-9.226501,T,1
CG, ,99.305038,210.116684,-16.409645,-1.724396,T,1
CG, ,98.146545,204.043121,-16.500000,0.000000,T,1
CG, ,93.499336,197.551575,-15.341507,6.073563,T,1
J3,93.499336,197.551575,6.000000
J3,82.805038,189.877075,6.000000
M3,82.805038,189.877075,0.000000
M3,83.152557,189.873428,-0.113913
M3,83.500748,189.862411,-0.227826
M3,83.849365,189.843994,-0.341739
M3,84.198196,189.818161,-0.455652
M3,84.546989,189.784866,-0.569565
M3,84.895508,189.744125,-0.683478
M3,85.243515,189.695892,-0.797391
M3,85.590767,189.640228,-0.911304
M3,85.937035,189.577103,-1.025217
M3,86.282074,189.506561,-1.139130
M3,86.625641,189.428650,-1.253043
M3,86.967506,189.343414,-1.366956
M3,87.307434,189.250916,-1.480870
M3,87.645203,189.151199,-1.594783
M3,87.980568,189.044373,-1.708696
M3,88.313316,188.930496,-1.822609
M3,88.643227,188.809692,-1.936522
M3,88.970078,188.682053,-2.050435
M3,89.293671,188.547699,-2.164348
M3,89.613792,188.406738,-2.278261
M3,89.930252,188.259323,-2.392174
M3,90.242859,188.105591,-2.506087
M3,90.551414,187.945663,-2.620000
CG, ,96.484283,182.603577,-7.746376,-14.568588,T,1
CG, ,99.214684,175.101471,-13.679245,-9.226501,T,1
CG, ,99.305038,173.377075,-16.409645,-1.724396,T,1
CG, ,98.146545,167.303513,-16.500000,0.000000,T,1
CG, ,93.499336,160.811966,-15.341507,6.073563,T,1
CG, ,82.805038,156.877075,-10.694298,12.565109,T,1
CG, ,66.305038,173.377075,0.000000,16.500000,T,1
CG, ,82.805038,189.877075,16.500000,0.000000,T,1
CG, ,90.551414,187.945663,0.000000,-16.500000,T,1
M3,90.856537,187.779282,-2.733913
M3,91.158798,187.606094,-2.847826
M3,91.457970,187.426163,-2.961739
M3,91.753838,187.239578,-3.075652
M3,92.046173,187.046448,-3.189565
M3,92.334763,186.846832,-3.303478
M3,92.619392,186.640884,-3.417391
M3,92.899864,186.428696,-3.531304
M3,93.175957,186.210388,-3.645217
M3,93.447495,185.986130,-3.759130
M3,93.714272,185.756042,-3.873043
M3,93.976105,185.520279,-3.986956
M3,94.232811,185.279007,-4.100869
M3,94.484230,185.032410,-4.214782
M3,94.730179,184.780624,-4.328695
M3,94.970520,184.523880,-4.442608
M3,95.205101,184.262329,-4.556521
M3,95.433769,183.996170,-4.670434
M3,95.656403,183.725616,-4.784348
M3,95.872879,183.450882,-4.898261
M3,96.083092,183.172150,-5.012174
M3,96.286919,182.889648,-5.126087
M3,96.484283,182.603577,-5.240000
CG, ,99.214684,175.101471,-13.679245,-9.226501,T,1
CG, ,99.305038,173.377075,-16.409645,-1.724396,T,1
CG, ,98.146545,167.303513,-16.500000,0.000000,T,1
CG, ,93.499336,160.811966,-15.341507,6.073563,T,1
CG, ,82.805038,156.877075,-10.694298,12.565109,T,1
CG, ,66.305038,173.377075,0.000000,16.500000,T,1
CG, ,82.805038,189.877075,16.500000,0.000000,T,1
CG, ,90.551414,187.945663,0.000000,-16.500000,T,1
CG, ,96.484283,182.603577,-7.746376,-14.568588,T,1
M3,96.675575,182.313416,-5.353913
M3,96.861145,182.018600,-5.467826
M3,97.040825,181.719284,-5.581739
M3,97.214462,181.415649,-5.695652
M3,97.381905,181.107864,-5.809565
M3,97.542999,180.796143,-5.923478
M3,97.697624,180.480667,-6.037391
M3,97.845642,180.161636,-6.151304
M3,97.986938,179.839264,-6.265217
M3,98.121399,179.513779,-6.379130
M3,98.248924,179.185379,-6.493043
M3,98.369423,178.854294,-6.606956
M3,98.482819,178.520737,-6.720869
M3,98.589020,178.184967,-6.834782
M3,98.687988,177.847198,-6.948695
M3,98.779655,177.507660,-7.062608
M3,98.863976,177.166595,-7.176521
M3,98.940933,176.824249,-7.290434
M3,99.010490,176.480835,-7.404347
M3,99.072639,176.136627,-7.518260
M3,99.127380,175.791840,-7.632174
M3,99.174721,175.446701,-7.746087
M3,99.214684,175.101471,-7.860000
CG, ,99.305038,173.377075,-16.409645,-1.724396,T,1
CG, ,98.146545,167.303513,-16.500000,0.000000,T,1
CG, ,93.499336,160.811966,-15.341507,6.073563,T,1
CG, ,82.805038,156.877075,-10.694298,12.565109,T,1
CG, ,66.305038,173.377075,0.000000,16.500000,T,1
CG, ,82.805038,189.877075,16.500000,0.000000,T,1
CG, ,90.551414,187.945663,0.000000,-16.500000,T,1
CG, ,96.484283,182.603577,-7.746376,-14.568588,T,1
CG, ,99.214684,175.101471,-13.679245,-9.226501,T,1
M3,99.247185,174.757584,-7.972263
M3,99.272484,174.412964,-8.084525
M3,99.290573,174.067856,-8.196788
M3,99.301422,173.722488,-8.309051
M3,99.305038,173.377075,-8.421313
M3,99.301453,173.033279,-8.533587
M3,99.290688,172.689026,-8.645863
M3,99.272697,172.344528,-8.758137
M3,99.247475,172.000046,-8.870412
M3,99.215004,171.655777,-8.982686
M3,99.175293,171.311966,-9.094961
M3,99.128342,170.968842,-9.207235
M3,99.074181,170.626633,-9.319510
M3,99.012825,170.285553,-9.431785
M3,98.944321,169.945831,-9.544060
M3,98.868713,169.607712,-9.656334
M3,98.786064,169.271393,-9.768609
M3,98.696434,168.937103,-9.880883
M3,98.599899,168.605057,-9.993158
M3,98.496552,168.275467,-10.105433
M3,98.386467,167.948547,-10.217708
M3,98.269768,167.624496,-10.329982
M3,98.146545,167.303513,-10.442257
M3,98.103409,167.195663,-10.480000
CG, ,93.499336,160.811966,-15.341507,6.073563,T,1
CG, ,82.805038,156.877075,-10.694298,12.565109,T,1
CG, ,66.305038,173.377075,0.000000,16.500000,T,1
CG, ,82.805038,189.877075,16.500000,0.000000,T,1
CG, ,90.551414,187.945663,0.000000,-16.500000,T,1
CG, ,96.484283,182.603577,-7.746376,-14.568588,T,1
CG, ,99.214684,175.101471,-13.679245,-9.226501,T,1
CG, ,99.305038,173.377075,-16.409645,-1.724396,T,1
CG, ,98.146545,167.303513,-16.500000,0.000000,T,1
M3,98.015221,166.981750,-10.593913
M3,97.876816,166.662064,-10.707826
M3,97.731369,166.344681,-10.821739
M3,97.578949,166.029861,-10.935652
M3,97.419609,165.717819,-11.049565
M3,97.253426,165.408768,-11.163478
M3,97.080490,165.102951,-11.277391
M3,96.900902,164.800568,-11.391304
M3,96.714752,164.501846,-11.505218
M3,96.522163,164.207001,-11.619130
M3,96.323257,163.916229,-11.733044
M3,96.118164,163.629745,-11.846956
M3,95.907021,163.347733,-11.960870
M3,95.689987,163.070389,-12.074782
M3,95.467209,162.797882,-12.188696
M3,95.238853,162.530411,-12.302608
M3,95.005089,162.268143,-12.416522
M3,94.766098,162.011215,-12.530435
M3,94.522064,161.759796,-12.644348
M3,94.273170,161.514038,-12.758261
M3,94.019623,161.274063,-12.872174
M3,93.761604,161.039993,-12.986087
M3,93.499336,160.811966,-13.100000
CG, ,82.805038,156.877075,-10.694298,12.565109,T,1
CG, ,66.305038,173.377075,0.000000,16.500000,T,1
CG, ,82.805038,189.877075,16.500000,0.000000,T,1
CG, ,90.551414,187.945663,0.000000,-16.500000,T,1
CG, ,96.484283,182.603577,-7.746376,-14.568588,T,1
CG, ,99.214684,175.101471,-13.679245,-9.226501,T,1
CG, ,99.305038,173.377075,-16.409645,-1.724396,T,1
CG, ,98.146545,167.303513,-16.500000,0.000000,T,1
CG, ,93.499336,160.811966,-15.341507,6.073563,T,1
J3,93.499336,160.811966,6.000000
J3,82.805038,153.137466,6.000000
M3,82.805038,153.137466,0.000000
M3,83.152557,153.133820,-0.113913
M3,83.500748,153.122803,-0.227826
M3,83.849365,153.104385,-0.341739
M3,84.198196,153.078552,-0.455652
M3,84.546989,153.045258,-0.569565
M3,84.895508,153.004517,-0.683478
M3,85.243515,152.956299,-0.797391
M3,85.590767,152.900620,-0.911304
M3,85.937035,152.837494,-1.025217
M3,86.282074,152.766953,-1.139130
M3,86.625641,152.689041,-1.253043
M3,86.967506,152.603806,-1.366956
M3,87.307442,152.511307,-1.480870
M3,87.645203,152.411591,-1.594783
M3,87.980568,152.304764,-1.708696
M3,88.313316,152.190887,-1.822609
M3,88.643227,152.070084,-1.936522
M3,88.970078,151.942444,-2.050435
M3,89.293671,151.808090,-2.164348
M3,89.613800,151.667130,-2.278261
M3,89.930252,151.519714,-2.392174
M3,90.242859,151.365982,-2.506087
M3,90.551414,151.206055,-2.620000
CG, ,96.484283,145.863968,-7.746376,-14.568588,T,1
CG, ,99.214684,138.361862,-13.679245,-9.226501,T,1
CG, ,99.305038,136.637466,-16.409645,-1.724396,T,1
CG, ,98.146545,130.563904,-16.500000,0.000000,T,1
CG, ,93.499336,124.072365,-15.341507,6.073563,T,1
CG, ,82.805038,120.137474,-10.694298,12.565102,T,1
CG, ,66.305038,136.637466,0.000000,16.499992,T,1
CG, ,82.805038,153.137466,16.500000,0.000000,T,1
CG, ,90.551414,151.206055,0.000000,-16.500000,T,1
M3,90.856537,151.039673,-2.733913
M3,91.158798,150.866486,-2.847826
M3,91.457970,150.686554,-2.961739
M3,91.753838,150.499969,-3.075652
M3,92.046173,150.306839,-3.189565
M3,92.334763,150.107224,-3.303478
M3,92.619392,149.901276,-3.417391
M3,92.899864,149.689087,-3.531304
M3,93.175964,149.470779,-3.645217
M3,93.447495,149.246521,-3.759130
M3,93.714272,149.016434,-3.873043
M3,93.976105,148.780670,-3.986956
M3,94.232811,148.539398,-4.100869
M3,94.484230,148.292786,-4.214782
M3,94.730186,148.041016,-4.328695
M3,94.970528,147.784256,-4.442608
M3,95.205101,147.522705,-4.556521
M3,95.433769,147.256561,-4.670434
M3,95.656410,146.986008,-4.784348
M3,95.872887,146.711273,-4.898261
M3,96.083092,146.432541,-5.012174
M3,96.286919,146.150024,-5.126087
M3,96.484283,145.863968,-5.240000
CG, ,99.214684,138.361862,-13.679245,-9.226501,T,1
CG, ,99.305038,136.637466,-16.409645,-1.724396,T,1
CG, ,98.146545,130.563904,-16.500000,0.000000,T,1
CG, ,93.499336,124.072365,-15.341507,6.073563,T,1
CG, ,82.805038,120.137474,-10.694298,12.565102,T,1
CG, ,66.305038,136.637466,0.000000,16.499992,T,1
CG, ,82.805038,153.137466,16.500000,0.000000,T,1
CG, ,90.551414,151.206055,0.000000,-16.500000,T,1
CG, ,96.484283,145.863968,-7.746376,-14.568588,T,1
M3,96.675575,145.573807,-5.353913
M3,96.861145,145.278992,-5.467826
M3,97.040825,144.979675,-5.581739
M3,97.214462,144.676025,-5.695652
M3,97.381905,144.368256,-5.809565
M3,97.542999,144.056534,-5.923478
M3,97.697624,143.741043,-6.037391
M3,97.845642,143.422028,-6.151304
M3,97.986938,143.099655,-6.265217
M3,98.121399,142.774170,-6.379130
M3,98.248924,142.445770,-6.493042
M3,98.369423,142.114685,-6.606956
M3,98.482819,141.781128,-6.720869
M3,98.589027,141.445358,-6.834782
M3,98.687988,141.107590,-6.948695
M3,98.779655,140.768051,-7.062608
M3,98.863976,140.426987,-7.176520
M3,98.940933,140.084641,-7.290433
M3,99.010490,139.741226,-7.404346
M3,99.072639,139.397018,-7.518260
M3,99.127380,139.052231,-7.632173
M3,99.174721,138.707092,-7.746086
M3,99.214684,138.361862,-7.859999
CG, ,99.305038,136.637466,-16.409645,-1.724396,T,1
CG, ,98.146545,130.563904,-16.500000,0.000000,T,1
CG, ,93.499336,124.072365,-15.341507,6.073563,T,1
CG, ,82.805038,120.137474,-10.694298,12.565102,T,1
CG, ,66.305038,136.637466,0.000000,16.499992,T,1
CG, ,82.805038,153.137466,16.500000,0.000000,T,1
CG, ,90.551414,151.206055,0.000000,-16.500000,T,1
CG, ,96.484283,145.863968,-7.746376,-14.568588,T,1
CG, ,99.214684,138.361862,-13.679245,-9.226501,T,1
M3,99.247185,138.017975,-7.972263
M3,99.272484,137.673355,-8.084525
M3,99.290573,137.328247,-8.196788
M3,99.301422,136.982880,-8.309051
M3,99.305038,136.637466,-8.421313
M3,99.301453,136.293671,-8.533587
M3,99.290688,135.949417,-8.645863
M3,99.272697,135.604919,-8.758137
M3,99.247475,135.260437,-8.870412
M3,99.215004,134.916168,-8.982686
M3,99.175293,134.572357,-9.094961
M3,99.128342,134.229233,-9.207235
M3,99.074181,133.887024,-9.319510
M3,99.012825,133.545944,-9.431785
M3,98.944321,133.206223,-9.544060
M3,98.868713,132.868103,-9.656334
M3,98.786064,132.531784,-9.768608
M3,98.696434,132.197495,-9.880883
M3,98.599899,131.865448,-9.993157
M3,98.496552,131.535873,-10.105433
M3,98.386467,131.208939,-10.217707
M3,98.269768,130.884888,-10.329982
M3,98.146545,130.563904,-10.442256
M3,98.103401,130.456055,-10.480000
CG, ,93.499336,124.072365,-15.341507,6.073563,T,1
CG, ,82.805038,120.137474,-10.694298,12.565102,T,1
CG, ,66.305038,136.637466,0.000000,16.499992,T,1
CG, ,82.805038,153.137466,16.500000,0.000000,T,1
CG, ,90.551414,151.206055,0.000000,-16.500000,T,1
CG, ,96.484283,145.863968,-7.746376,-14.568588,T,1
CG, ,99.214684,138.361862,-13.679245,-9.226501,T,1
CG, ,99.305038,136.637466,-16.409645,-1.724396,T,1
CG, ,98.146545,130.563904,-16.500000,0.000000,T,1
M3,98.015221,130.242142,-10.593912
M3,97.876816,129.922455,-10.707826
M3,97.731369,129.605087,-10.821738
M3,97.578949,129.290253,-10.935652
M3,97.419609,128.978210,-11.049564
M3,97.253426,128.669159,-11.163478
M3,97.080490,128.363342,-11.277390
M3,96.900902,128.060959,-11.391304
M3,96.714752,127.762238,-11.505217
M3,96.522163,127.467392,-11.619129
M3,96.323257,127.176620,-11.733043
M3,96.118164,126.890137,-11.846955
M3,95.907028,126.608124,-11.960869
M3,95.689987,126.330780,-12.074781
M3,95.467209,126.058281,-12.188695
M3,95.238853,125.790810,-12.302608
M3,95.005096,125.528534,-12.416521
M3,94.766106,125.271606,-12.530434
M3,94.522064,125.020195,-12.644347
M3,94.273178,124.774429,-12.758260
M3,94.019623,124.534454,-12.872172
M3,93.761612,124.300392,-12.986086
M3,93.499336,124.072365,-13.099998
CG, ,82.805038,120.137474,-10.694298,12.565102,T,1
CG, ,66.305038,136.637466,0.000000,16.499992,T,1
CG, ,82.805038,153.137466,16.500000,0.000000,T,1
CG, ,90.551414,151.206055,0.000000,-16.500000,T,1
CG, ,96.484283,145.863968,-7.746376,-14.568588,T,1
CG, ,99.214684,138.361862,-13.679245,-9.226501,T,1
CG, ,99.305038,136.637466,-16.409645,-1.724396,T,1
CG, ,98.146545,130.563904,-16.500000,0.000000,T,1
CG, ,93.499336,124.072365,-15.341507,6.073563,T,1
J3,93.499336,124.072365,6.000000
J3,44.305035,153.137466,6.000000
M3,44.305035,153.137466,0.000000
M3,44.652557,153.133820,-0.113913
M3,45.000744,153.122803,-0.227826
M3,45.349369,153.104385,-0.341739
M3,45.698196,153.078552,-0.455652
M3,46.046986,153.045258,-0.569565
M3,46.395504,153.004517,-0.683478
M3,46.743511,152.956299,-0.797391
M3,47.090767,152.900620,-0.911304
M3,47.437035,152.837494,-1.025217
M3,47.782070,152.766953,-1.139130
M3,48.125641,152.689041,-1.253043
M3,48.467506,152.603806,-1.366956
M3,48.807438,152.511307,-1.480870
M3,49.145203,152.411591,-1.594783
M3,49.480568,152.304764,-1.708696
M3,49.813316,152.190887,-1.822609
M3,50.143227,152.070084,-1.936522
M3,50.470081,151.942444,-2.050435
M3,50.793674,151.808090,-2.164348
M3,51.113796,151.667130,-2.278261
M3,51.430256,151.519714,-2.392174
M3,51.742855,151.365982,-2.506087
M3,52.051414,151.206055,-2.620000
CG, ,57.984283,145.863968,-7.746380,-14.568588,T,1
CG, ,60.714684,138.361862,-13.679249,-9.226501,T,1
CG, ,60.805035,136.637466,-16.409649,-1.724396,T,1
CG, ,59.646542,130.563904,-16.500000,0.000000,T,1
CG, ,54.999332,124.072365,-15.341507,6.073563,T,1
CG, ,44.305035,120.137474,-10.694298,12.565102,T,1
CG, ,27.805037,136.637466,0.000000,16.499992,T,1
CG, ,44.305035,153.137466,16.499998,0.000000,T,1
CG, ,52.051414,151.206055,0.000000,-16.500000,T,1
M3,52.356537,151.039673,-2.733913
M3,52.658798,150.866486,-2.847826
M3,52.957973,150.686554,-2.961739
M3,53.253834,150.499969,-3.075652
M3,53.546169,150.306839,-3.189565
M3,53.834763,150.107224,-3.303478
M3,54.119392,149.901276,-3.417391
M3,54.399860,149.689087,-3.531304
M3,54.675961,149.470779,-3.645217
M3,54.947495,149.246521,-3.759130
M3,55.214272,149.016434,-3.873043
M3,55.476105,148.780670,-3.986956
M3,55.732815,148.539398,-4.100869
M3,55.984226,148.292801,-4.214782
M3,56.230183,148.041016,-4.328695
M3,56.470524,147.784256,-4.442608
M3,56.705101,147.522720,-4.556521
M3,56.933769,147.256561,-4.670434
M3,57.156406,146.986008,-4.784348
M3,57.372883,146.711273,-4.898261
M3,57.583088,146.432541,-5.012174
M3,57.786922,146.150040,-5.126087
M3,57.984283,145.863968,-5.240000
CG, ,60.714684,138.361862,-13.679249,-9.226501,T,1
CG, ,60.805035,136.637466,-16.409649,-1.724396,T,1
CG, ,59.646542,130.563904,-16.500000,0.000000,T,1
CG, ,54.999332,124.072365,-15.341507,6.073563,T,1
CG, ,44.305035,120.137474,-10.694298,12.565102,T,1
CG, ,27.805037,136.637466,0.000000,16.499992,T,1
CG, ,44.305035,153.137466,16.499998,0.000000,T,1
CG, ,52.051414,151.206055,0.000000,-16.500000,T,1
CG, ,57.984283,145.863968,-7.746380,-14.568588,T,1
M3,58.175575,145.573807,-5.353913
M3,58.361145,145.278992,-5.467826
M3,58.540825,144.979675,-5.581739
M3,58.714462,144.676025,-5.695652
M3,58.881905,144.368256,-5.809565
M3,59.043003,144.056534,-5.923478
M3,59.197624,143.741058,-6.037391
M3,59.345642,143.422028,-6.151304
M3,59.486938,143.099655,-6.265217
M3,59.621399,142.774170,-6.379130
M3,59.748928,142.445770,-6.493043
M3,59.869427,142.114685,-6.606956
M3,59.982815,141.781128,-6.720869
M3,60.089024,141.445358,-6.834782
M3,60.187988,141.107590,-6.948695
M3,60.279652,140.768051,-7.062608
M3,60.363979,140.426987,-7.176521
M3,60.440929,140.084641,-7.290434
M3,60.510487,139.741226,-7.404347
M3,60.572639,139.397018,-7.518260
M3,60.627380,139.052231,-7.632173
M3,60.674725,138.707092,-7.746086
M3,60.714684,138.361862,-7.859999
CG, ,60.805035,136.637466,-16.409649,-1.724396,T,1
CG, ,59.646542,130.563904,-16.500000,0.000000,T,1
CG, ,54.999332,124.072365,-15.341507,6.073563,T,1
CG, ,44.305035,120.137474,-10.694298,12.565102,T,1
CG, ,27.805037,136.637466,0.000000,16.499992,T,1
CG, ,44.305035,153.137466,16.499998,0.000000,T,1
CG, ,52.051414,151.206055,0.000000,-16.500000,T,1
CG, ,57.984283,145.863968,-7.746380,-14.568588,T,1
CG, ,60.714684,138.361862,-13.679249,-9.226501,T,1
M3,60.747185,138.017975,-7.972263
M3,60.772488,137.673355,-8.084525
M3,60.790569,137.328247,-8.196788
M3,60.801422,136.982880,-8.309051
M3,60.805035,136.637466,-8.421313
M3,60.801453,136.293671,-8.533587
M3,60.790684,135.949417,-8.645863
M3,60.772697,135.604919,-8.758137
M3,60.747475,135.260437,-8.870412
M3,60.715008,134.916168,-8.982686
M3,60.675293,134.572357,-9.094961
M3,60.628345,134.229233,-9.207235
M3,60.574181,133.887024,-9.319510
M3,60.512825,133.545944,-9.431785
M3,60.444321,133.206223,-9.544060
M3,60.368717,132.868103,-9.656334
M3,60.286064,132.531784,-9.768609
M3,60.196438,132.197495,-9.880883
M3,60.099903,131.865448,-9.993157
M3,59.996552,131.535873,-10.105433
M3,59.886471,131.208939,-10.217707
M3,59.769764,130.884888,-10.329982
M3,59.646542,130.563904,-10.442256
M3,59.603405,130.456055,-10.480000
CG, ,54.999332,124.072365,-15.341507,6.073563,T,1
CG, ,44.305035,120.137474,-10.694298,12.565102,T,1
CG, ,27.805037,136.637466,0.000000,16.499992,T,1
CG, ,44.305035,153.137466,16.499998,0.000000,T,1
CG, ,52.051414,151.206055,0.000000,-16.500000,T,1
CG, ,57.984283,145.863968,-7.746380,-14.568588,T,1
CG, ,60.714684,138.361862,-13.679249,-9.226501,T,1
CG, ,60.805035,136.637466,-16.409649,-1.724396,T,1
CG, ,59.646542,130.563904,-16.500000,0.000000,T,1
M3,59.515221,130.242142,-10.593912
M3,59.376812,129.922455,-10.707826
M3,59.231369,129.605087,-10.821738
M3,59.078945,129.290253,-10.935652
M3,58.919605,128.978210,-11.049564
M3,58.753426,128.669159,-11.163478
M3,58.580494,128.363342,-11.277390
M3,58.400902,128.060959,-11.391304
M3,58.214752,127.762238,-11.505217
M3,58.022163,127.467392,-11.619130
M3,57.823257,127.176620,-11.733043
M3,57.618164,126.890137,-11.846956
M3,57.407024,126.608124,-11.960869
M3,57.189987,126.330772,-12.074782
M3,56.967209,126.058281,-12.188695
M3,56.738853,125.790810,-12.302608
M3,56.505093,125.528534,-12.416521
M3,56.266102,125.271606,-12.530435
M3,56.022064,125.020195,-12.644347
M3,55.773174,124.774429,-12.758261
M3,55.519619,124.534454,-12.872173
M3,55.261604,124.300392,-12.986087
M3,54.999332,124.072365,-13.099999
CG, ,44.305035,120.137474,-10.694298,12.565102,T,1
CG, ,27.805037,136.637466,0.000000,16.499992,T,1
CG, ,44.305035,153.137466,16.499998,0.000000,T,1
CG, ,52.051414,151.206055,0.000000,-16.500000,T,1
CG, ,57.984283,145.863968,-7.746380,-14.568588,T,1
CG, ,60.714684,138.361862,-13.679249,-9.226501,T,1
CG, ,60.805035,136.637466,-16.409649,-1.724396,T,1
CG, ,59.646542,130.563904,-16.500000,0.000000,T,1
CG, ,54.999332,124.072365,-15.341507,6.073563,T,1
J3,54.999332,124.072365,6.000000
J3,44.305035,189.877075,6.000000
M3,44.305035,189.877075,0.000000
M3,44.652557,189.873428,-0.113913
M3,45.000744,189.862411,-0.227826
M3,45.349369,189.843994,-0.341739
M3,45.698196,189.818161,-0.455652
M3,46.046986,189.784866,-0.569565
M3,46.395504,189.744125,-0.683478
M3,46.743511,189.695892,-0.797391
M3,47.090767,189.640228,-0.911304
M3,47.437035,189.577103,-1.025217
M3,47.782070,189.506561,-1.139130
M3,48.125641,189.428650,-1.253043
M3,48.467506,189.343414,-1.366956
M3,48.807438,189.250916,-1.480870
M3,49.145199,189.151199,-1.594783
M3,49.480568,189.044373,-1.708696
M3,49.813316,188.930496,-1.822609
M3,50.143227,188.809692,-1.936522
M3,50.470081,188.682053,-2.050435
M3,50.793671,188.547699,-2.164348
M3,51.113796,188.406738,-2.278261
M3,51.430256,188.259323,-2.392174
M3,51.742855,188.105591,-2.506087
M3,52.051414,187.945663,-2.620000
CG, ,57.984283,182.603577,-7.746380,-14.568588,T,1
CG, ,60.714684,175.101471,-13.679249,-9.226501,T,1
CG, ,60.805035,173.377075,-16.409649,-1.724396,T,1
CG, ,59.646542,167.303513,-16.500000,0.000000,T,1
CG, ,54.999332,160.811966,-15.341507,6.073563,T,1
CG, ,44.305035,156.877075,-10.694298,12.565109,T,1
CG, ,27.805037,173.377075,0.000000,16.500000,T,1
CG, ,44.305035,189.877075,16.499998,0.000000,T,1
CG, ,52.051414,187.945663,0.000000,-16.500000,T,1
M3,52.356537,187.779282,-2.733913
M3,52.658798,187.606094,-2.847826
M3,52.957970,187.426163,-2.961739
M3,53.253834,187.239578,-3.075652
M3,53.546169,187.046448,-3.189565
M3,53.834759,186.846832,-3.303478
M3,54.119392,186.640884,-3.417391
M3,54.399860,186.428696,-3.531304
M3,54.675961,186.210388,-3.645217
M3,54.947495,185.986130,-3.759130
M3,55.214272,185.756042,-3.873043
M3,55.476101,185.520279,-3.986956
M3,55.732811,185.279007,-4.100869
M3,55.984226,185.032410,-4.214782
M3,56.230183,184.780624,-4.328695
M3,56.470524,184.523865,-4.442608
M3,56.705097,184.262329,-4.556521
M3,56.933769,183.996170,-4.670434
M3,57.156406,183.725616,-4.784348
M3,57.372883,183.450882,-4.898261
M3,57.583088,183.172150,-5.012174
M3,57.786919,182.889648,-5.126087
M3,57.984283,182.603577,-5.240000
CG, ,60.714684,175.101471,-13.679249,-9.226501,T,1
CG, ,60.805035,173.377075,-16.409649,-1.724396,T,1
CG, ,59.646542,167.303513,-16.500000,0.000000,T,1
CG, ,54.999332,160.811966,-15.341507,6.073563,T,1
CG, ,44.305035,156.877075,-10.694298,12.565109,T,1
CG, ,27.805037,173.377075,0.000000,16.500000,T,1
CG, ,44.305035,189.877075,16.499998,0.000000,T,1
CG, ,52.051414,187.945663,0.000000,-16.500000,T,1
CG, ,57.984283,182.603577,-7.746380,-14.568588,T,1
M3,58.175575,182.313416,-5.353913
M3,58.361145,182.018600,-5.467826
M3,58.540825,181.719284,-5.581739
M3,58.714462,181.415634,-5.695652
M3,58.881901,181.107864,-5.809565
M3,59.043003,180.796143,-5.923478
M3,59.197624,180.480667,-6.037391
M3,59.345642,180.161636,-6.151304
M3,59.486938,179.839264,-6.265217
M3,59.621399,179.513779,-6.379130
M3,59.748928,179.185379,-6.493043
M3,59.869427,178.854294,-6.606956
M3,59.982815,178.520737,-6.720869
M3,60.089024,178.184967,-6.834782
M3,60.187988,177.847198,-6.948695
M3,60.279652,177.507660,-7.062608
M3,60.363976,177.166595,-7.176521
M3,60.440929,176.824249,-7.290434
M3,60.510487,176.480835,-7.404347
M3,60.572639,176.136627,-7.518260
M3,60.627380,175.791840,-7.632173
M3,60.674725,175.446701,-7.746086
M3,60.714684,175.101471,-7.859999
CG, ,60.805035,173.377075,-16.409649,-1.724396,T,1
CG, ,59.646542,167.303513,-16.500000,0.000000,T,1
CG, ,54.999332,160.811966,-15.341507,6.073563,T,1
CG, ,44.305035,156.877075,-10.694298,12.565109,T,1
CG, ,27.805037,173.377075,0.000000,16.500000,T,1
CG, ,44.305035,189.877075,16.499998,0.000000,T,1
CG, ,52.051414,187.945663,0.000000,-16.500000,T,1
CG, ,57.984283,182.603577,-7.746380,-14.568588,T,1
CG, ,60.714684,175.101471,-13.679249,-9.226501,T,1
M3,60.747185,174.757584,-7.972263
M3,60.772488,174.412964,-8.084525
M3,60.790569,174.067856,-8.196788
M3,60.801422,173.722488,-8.309051
M3,60.805035,173.377075,-8.421313
M3,60.801453,173.033279,-8.533587
M3,60.790684,172.689026,-8.645863
M3,60.772697,172.344528,-8.758137
M3,60.747475,172.000046,-8.870412
M3,60.715008,171.655777,-8.982686
M3,60.675293,171.311966,-9.094961
M3,60.628345,170.968842,-9.207235
M3,60.574181,170.626633,-9.319510
M3,60.512825,170.285553,-9.431785
M3,60.444321,169.945831,-9.544060
M3,60.368717,169.607712,-9.656334
M3,60.286064,169.271393,-9.768609
M3,60.196438,168.937103,-9.880883
M3,60.099903,168.605057,-9.993158
M3,59.996552,168.275467,-10.105433
M3,59.886471,167.948547,-10.217708
M3,59.769764,167.624496,-10.329982
M3,59.646542,167.303513,-10.442257
M3,59.603405,167.195663,-10.480000
CG, ,54.999332,160.811966,-15.341507,6.073563,T,1
CG, ,44.305035,156.877075,-10.694298,12.565109,T,1
CG, ,27.805037,173.377075,0.000000,16.500000,T,1
CG, ,44.305035,189.877075,16.499998,0.000000,T,1
CG, ,52.051414,187.945663,0.000000,-16.500000,T,1
CG, ,57.984283,182.603577,-7.746380,-14.568588,T,1
CG, ,60.714684,175.101471,-13.679249,-9.226501,T,1
CG, ,60.805035,173.377075,-16.409649,-1.724396,T,1
CG, ,59.646542,167.303513,-16.500000,0.000000,T,1
M3,59.515221,166.981750,-10.593913
M3,59.376812,166.662064,-10.707826
M3,59.231369,166.344681,-10.821739
M3,59.078945,166.029861,-10.935652
M3,58.919605,165.717819,-11.049565
M3,58.753426,165.408768,-11.163478
M3,58.580494,165.102951,-11.277391
M3,58.400898,164.800568,-11.391304
M3,58.214752,164.501846,-11.505218
M3,58.022163,164.207001,-11.619130
M3,57.823257,163.916229,-11.733044
M3,57.618164,163.629745,-11.846956
M3,57.407024,163.347733,-11.960870
M3,57.189987,163.070389,-12.074782
M3,56.967209,162.797882,-12.188696
M3,56.738853,162.530411,-12.302608
M3,56.505093,162.268143,-12.416522
M3,56.266102,162.011215,-12.530435
M3,56.022064,161.759796,-12.644348
M3,55.773170,161.514038,-12.758261
M3,55.519619,161.274063,-12.872174
M3,55.261604,161.039993,-12.986087
M3,54.999332,160.811966,-13.100000
CG, ,44.305035,156.877075,-10.694298,12.565109,T,1
CG, ,27.805037,173.377075,0.000000,16.500000,T,1
CG, ,44.305035,189.877075,16.499998,0.000000,T,1
CG, ,52.051414,187.945663,0.000000,-16.500000,T,1
CG, ,57.984283,182.603577,-7.746380,-14.568588,T,1
CG, ,60.714684,175.101471,-13.679249,-9.226501,T,1
CG, ,60.805035,173.377075,-16.409649,-1.724396,T,1
CG, ,59.646542,167.303513,-16.500000,0.000000,T,1
CG, ,54.999332,160.811966,-15.341507,6.073563,T,1
J3,54.999332,160.811966,6.000000
J3,44.305035,226.616684,6.000000
M3,44.305035,226.616684,0.000000
M3,44.652557,226.613022,-0.113913
M3,45.000744,226.602020,-0.227826
M3,45.349369,226.583603,-0.341739
M3,45.698196,226.557770,-0.455652
M3,46.046986,226.524475,-0.569565
M3,46.395504,226.483734,-0.683478
M3,46.743511,226.435501,-0.797391
M3,47.090767,226.379822,-0.911304
M3,47.437035,226.316711,-1.025217
M3,47.782070,226.246170,-1.139130
M3,48.125641,226.168259,-1.253043
M3,48.467506,226.083023,-1.366956
M3,48.807438,225.990509,-1.480870
M3,49.145199,225.890808,-1.594783
M3,49.480568,225.783981,-1.708696
M3,49.813316,225.670105,-1.822609
M3,50.143227,225.549301,-1.936522
M3,50.470081,225.421661,-2.050435
M3,50.793671,225.287308,-2.164348
M3,51.113796,225.146347,-2.278261
M3,51.430256,224.998932,-2.392174
M3,51.742855,224.845200,-2.506087
M3,52.051414,224.685272,-2.620000
CG, ,57.984280,219.343185,-7.746380,-14.568588,T,1
CG, ,60.714684,211.841080,-13.679245,-9.226501,T,1
